# Altitude-lognormal truth-map aerosol profiles
# Layer AOD is computed by exact CDF differences at the model boundaries.
# nlayer layer z_top_km z_bottom_km z_center_km dz_km species tau760 z_median_km sigma_ln_z z_mode_km layer_fraction layer_aod760
12 1 62.693801880 17.047576904 39.870689392 45.646224976 sulfate          0.1935471100 1.525651538 0.490000 1.200000000 4.203228223254e-07 8.135226752813e-08
12 1 62.693801880 17.047576904 39.870689392 45.646224976 organic_carbon   0.0807084200 2.112319568 0.400000 1.800000000 8.919456706558e-08 7.198752580447e-09
12 1 62.693801880 17.047576904 39.870689392 45.646224976 utls_sulfate     0.0057444777 12.120602005 0.100000 12.000000000 3.236085233589e-04 1.858961945965e-06
12 2 17.047576904 12.638883591 14.843230247 4.408693314 sulfate          0.1935471100 1.525651538 0.490000 1.200000000 7.559342808605e-06 1.463088954105e-06
12 2 17.047576904 12.638883591 14.843230247 4.408693314 organic_carbon   0.0807084200 2.112319568 0.400000 1.800000000 3.776714401660e-06 3.048126521492e-07
12 2 17.047576904 12.638883591 14.843230247 4.408693314 utls_sulfate     0.0057444777 12.120602005 0.100000 12.000000000 3.373889307210e-01 1.938123188753e-03
12 3 12.638883591 10.052184105 11.345533371 2.586699486 sulfate          0.1935471100 1.525651538 0.490000 1.200000000 5.163859486790e-05 9.994500801143e-06
12 3 12.638883591 10.052184105 11.345533371 2.586699486 organic_carbon   0.0807084200 2.112319568 0.400000 1.800000000 4.422881112975e-05 3.569637464761e-06
12 3 12.638883591 10.052184105 11.345533371 2.586699486 utls_sulfate     0.0057444777 12.120602005 0.100000 12.000000000 6.316265025345e-01 3.628364358538e-03
12 4 10.052184105 8.176888466 9.114536285 1.875295639 sulfate          0.1935471100 1.525651538 0.490000 1.200000000 2.463066142633e-04 4.767193336454e-05
12 4 10.052184105 8.176888466 9.114536285 1.875295639 organic_carbon   0.0807084200 2.112319568 0.400000 1.800000000 3.093392014428e-04 2.496627819251e-05
12 4 10.052184105 8.176888466 9.114536285 1.875295639 utls_sulfate     0.0057444777 12.120602005 0.100000 12.000000000 3.061952402979e-02 1.758931729737e-04
12 5 8.176888466 6.659861565 7.418375015 1.517026901 sulfate          0.1935471100 1.525651538 0.490000 1.200000000 1.011086811098e-03 1.956929302472e-04
12 5 8.176888466 6.659861565 7.418375015 1.517026901 organic_carbon   0.0807084200 2.112319568 0.400000 1.800000000 1.689867468082e-03 1.363865333583e-04
12 5 8.176888466 6.659861565 7.418375015 1.517026901 utls_sulfate     0.0057444777 12.120602005 0.100000 12.000000000 4.143312975896e-05 2.380116899416e-07
12 6 6.659861565 5.375703335 6.017782211 1.284158230 sulfate          0.1935471100 1.525651538 0.490000 1.200000000 3.762887876939e-03 7.282960738357e-04
12 6 6.659861565 5.375703335 6.017782211 1.284158230 organic_carbon   0.0807084200 2.112319568 0.400000 1.800000000 7.717701162889e-03 6.228834668889e-04
12 6 6.659861565 5.375703335 6.017782211 1.284158230 utls_sulfate     0.0057444777 12.120602005 0.100000 12.000000000 1.061666088376e-09 6.098717169520e-12
12 7 5.375703335 4.248088837 4.811896324 1.127614498 sulfate          0.1935471100 1.525651538 0.490000 1.200000000 1.323380032648e-02 2.561363807507e-03
12 7 5.375703335 4.248088837 4.811896324 1.127614498 organic_carbon   0.0807084200 2.112319568 0.400000 1.800000000 3.057914346386e-02 2.467994353921e-03
12 7 5.375703335 4.248088837 4.811896324 1.127614498 utls_sulfate     0.0057444777 12.120602005 0.100000 12.000000000 2.220446049250e-16 1.275530281397e-18
12 8 4.248088837 3.239259481 3.743674278 1.008829355 sulfate          0.1935471100 1.525651538 0.490000 1.200000000 4.388464890213e-02 8.493746968373e-03
12 8 4.248088837 3.239259481 3.743674278 1.008829355 organic_carbon   0.0807084200 2.112319568 0.400000 1.800000000 1.022142995403e-01 8.249554617305e-03
12 8 4.248088837 3.239259481 3.743674278 1.008829355 utls_sulfate     0.0057444777 12.120602005 0.100000 12.000000000 0.000000000000e+00 0.000000000000e+00
12 9 3.239259481 2.326044321 2.782651901 0.913215160 sulfate          0.1935471100 1.525651538 0.490000 1.200000000 1.325007390355e-01 2.564513511318e-02
12 9 3.239259481 2.326044321 2.782651901 0.913215160 organic_carbon   0.0807084200 2.112319568 0.400000 1.800000000 2.622361215724e-01 2.116466303904e-02
12 9 3.239259481 2.326044321 2.782651901 0.913215160 utls_sulfate     0.0057444777 12.120602005 0.100000 12.000000000 0.000000000000e+00 0.000000000000e+00
12 10 2.326044321 1.501271963 1.913658142 0.824772358 sulfate          0.1935471100 1.525651538 0.490000 1.200000000 3.184138448891e-01 6.162807946227e-02
12 10 2.326044321 1.501271963 1.913658142 0.824772358 organic_carbon   0.0807084200 2.112319568 0.400000 1.800000000 3.985656180955e-01 3.216760130281e-02
12 10 2.326044321 1.501271963 1.913658142 0.824772358 utls_sulfate     0.0057444777 12.120602005 0.100000 12.000000000 0.000000000000e+00 0.000000000000e+00
12 11 1.501271963 0.722002387 1.111637115 0.779269576 sulfate          0.1935471100 1.525651538 0.490000 1.200000000 4.234858516106e-01 8.196446270512e-02
12 11 1.501271963 0.722002387 1.111637115 0.779269576 organic_carbon   0.0807084200 2.112319568 0.400000 1.800000000 1.930001060378e-01 1.557673361815e-02
12 11 1.501271963 0.722002387 1.111637115 0.779269576 utls_sulfate     0.0057444777 12.120602005 0.100000 12.000000000 0.000000000000e+00 0.000000000000e+00
12 12 0.722002387 0.000000000 0.361001194 0.722002387 sulfate          0.1935471100 1.525651538 0.490000 1.200000000 6.340121567340e-02 1.227112206407e-02
12 12 0.722002387 0.000000000 0.361001194 0.722002387 organic_carbon   0.0807084200 2.112319568 0.400000 1.800000000 3.639708737626e-03 2.937551414740e-04
12 12 0.722002387 0.000000000 0.361001194 0.722002387 utls_sulfate     0.0057444777 12.120602005 0.100000 12.000000000 0.000000000000e+00 0.000000000000e+00
16 1 62.693801880 18.891431808 40.792617798 43.802368164 sulfate          0.1935471100 1.525651538 0.490000 1.200000000 1.408625458499e-07 2.726353865649e-08
16 1 62.693801880 18.891431808 40.792617798 43.802368164 organic_carbon   0.0807084200 2.112319568 0.400000 1.800000000 2.159268230884e-08 1.742711272708e-09
16 1 62.693801880 18.891431808 40.792617798 43.802368164 utls_sulfate     0.0057444777 12.120602005 0.100000 12.000000000 4.539545933935e-06 2.607732038561e-08
16 2 18.891431808 14.466358185 16.678894043 4.425073624 sulfate          0.1935471100 1.525651538 0.490000 1.200000000 2.068783678144e-06 4.004071021200e-07
16 2 18.891431808 14.466358185 16.678894043 4.425073624 organic_carbon   0.0807084200 2.112319568 0.400000 1.800000000 7.326892315085e-07 5.913419022606e-08
16 2 18.891431808 14.466358185 16.678894043 4.425073624 utls_sulfate     0.0057444777 12.120602005 0.100000 12.000000000 3.842639753135e-02 2.207395837102e-04
16 3 14.466358185 11.890235901 13.178297043 2.576122284 sulfate          0.1935471100 1.525651538 0.490000 1.200000000 1.171351050044e-05 2.267116105316e-06
16 3 14.466358185 11.890235901 13.178297043 2.576122284 organic_carbon   0.0807084200 2.112319568 0.400000 1.800000000 7.053288813896e-06 5.692597959732e-07
16 3 14.466358185 11.890235901 13.178297043 2.576122284 utls_sulfate     0.0057444777 12.120602005 0.100000 12.000000000 5.376552652920e-01 3.088548681757e-03
16 4 11.890235901 10.052184105 10.971210480 1.838051796 sulfate          0.1935471100 1.525651538 0.490000 1.200000000 4.569510377439e-05 8.844155276683e-06
16 4 11.890235901 10.052184105 10.971210480 1.838051796 organic_carbon   0.0807084200 2.112319568 0.400000 1.800000000 4.028714937077e-05 3.251512172018e-06
16 4 11.890235901 10.052184105 10.971210480 1.838051796 utls_sulfate     0.0057444777 12.120602005 0.100000 12.000000000 3.932528394095e-01 2.259032166450e-03
16 5 10.052184105 8.599275589 9.325729370 1.452908516 sulfate          0.1935471100 1.525651538 0.490000 1.200000000 1.488736723878e-04 2.881406904575e-05
16 5 10.052184105 8.599275589 9.325729370 1.452908516 organic_carbon   0.0807084200 2.112319568 0.400000 1.800000000 1.761877174264e-04 1.421983229689e-05
16 5 10.052184105 8.599275589 9.325729370 1.452908516 utls_sulfate     0.0057444777 12.120602005 0.100000 12.000000000 3.036170113546e-02 1.744121151067e-04
16 6 8.599275589 7.383318901 7.991297245 1.215956688 sulfate          0.1935471100 1.525651538 0.490000 1.200000000 4.370312194841e-04 8.458612951093e-05
16 6 8.599275589 7.383318901 7.991297245 1.215956688 organic_carbon   0.0807084200 2.112319568 0.400000 1.800000000 6.539492179618e-04 5.277920814193e-05
16 6 8.599275589 7.383318901 7.991297245 1.215956688 utls_sulfate     0.0057444777 12.120602005 0.100000 12.000000000 2.988988299683e-04 1.717017663309e-06
16 7 7.383318901 6.324834347 6.854076385 1.058484554 sulfate          0.1935471100 1.525651538 0.490000 1.200000000 1.207425946330e-03 2.336938024512e-04
16 7 7.383318901 6.324834347 6.854076385 1.058484554 organic_carbon   0.0807084200 2.112319568 0.400000 1.800000000 2.177475705136e-03 1.757406237499e-04
16 7 7.383318901 6.324834347 6.854076385 1.058484554 utls_sulfate     0.0057444777 12.120602005 0.100000 12.000000000 3.582167329985e-07 2.057768034477e-09
16 8 6.324834347 5.375703335 5.850268841 0.949130952 sulfate          0.1935471100 1.525651538 0.490000 1.200000000 3.226950464099e-03 6.245669364396e-04
16 8 6.324834347 5.375703335 5.850268841 0.949130952 organic_carbon   0.0807084200 2.112319568 0.400000 1.800000000 6.709295191889e-03 5.414966142510e-04
16 8 6.324834347 5.375703335 5.850268841 0.949130952 utls_sulfate     0.0057444777 12.120602005 0.100000 12.000000000 3.904643275376e-11 2.243013622185e-13
16 9 5.375703335 4.514123917 4.944913864 0.861579418 sulfate          0.1935471100 1.525651538 0.490000 1.200000000 8.339434277264e-03 1.614073403399e-03
16 9 5.375703335 4.514123917 4.944913864 0.861579418 organic_carbon   0.0807084200 2.112319568 0.400000 1.800000000 1.904609692195e-02 1.537180389737e-03
16 9 5.375703335 4.514123917 4.944913864 0.861579418 utls_sulfate     0.0057444777 12.120602005 0.100000 12.000000000 2.220446049250e-16 1.275530281397e-18
16 10 4.514123917 3.739643097 4.126883507 0.774481058 sulfate          0.1935471100 1.525651538 0.490000 1.200000000 2.022568678724e-02 3.914623225436e-03
16 10 4.514123917 3.739643097 4.126883507 0.774481058 organic_carbon   0.0807084200 2.112319568 0.400000 1.800000000 4.783356572830e-02 3.860571512897e-03
16 10 4.514123917 3.739643097 4.126883507 0.774481058 utls_sulfate     0.0057444777 12.120602005 0.100000 12.000000000 0.000000000000e+00 0.000000000000e+00
16 11 3.739643097 3.000677347 3.370160103 0.738965750 sulfate          0.1935471100 1.525651538 0.490000 1.200000000 5.008030605544e-02 9.692898504946e-03
16 11 3.739643097 3.000677347 3.370160103 0.738965750 organic_carbon   0.0807084200 2.112319568 0.400000 1.800000000 1.134280267717e-01 9.154596824465e-03
16 11 3.739643097 3.000677347 3.370160103 0.738965750 utls_sulfate     0.0057444777 12.120602005 0.100000 12.000000000 0.000000000000e+00 0.000000000000e+00
16 12 3.000677347 2.326044559 2.663361073 0.674632788 sulfate          0.1935471100 1.525651538 0.490000 1.200000000 1.109737036259e-01 2.147863962279e-02
16 12 3.000677347 2.326044559 2.663361073 0.674632788 organic_carbon   0.0807084200 2.112319568 0.400000 1.800000000 2.147217760254e-01 1.732985528260e-02
16 12 3.000677347 2.326044559 2.663361073 0.674632788 utls_sulfate     0.0057444777 12.120602005 0.100000 12.000000000 0.000000000000e+00 0.000000000000e+00
16 13 2.326044559 1.705426693 2.015735626 0.620617747 sulfate          0.1935471100 1.525651538 0.490000 1.200000000 2.153828910100e-01 4.168673609843e-02
16 13 2.326044559 1.705426693 2.015735626 0.620617747 organic_carbon   0.0807084200 2.112319568 0.400000 1.800000000 2.988558177839e-01 2.412018086114e-02
16 13 2.326044559 1.705426693 2.015735626 0.620617747 utls_sulfate     0.0057444777 12.120602005 0.100000 12.000000000 0.000000000000e+00 0.000000000000e+00
16 14 1.705426693 1.104040623 1.404733658 0.601386070 sulfate          0.1935471100 1.525651538 0.490000 1.200000000 3.353205080315e-01 6.490031525323e-02
16 14 1.705426693 1.104040623 1.404733658 0.601386070 organic_carbon   0.0807084200 2.112319568 0.400000 1.800000000 2.439506955539e-01 1.968887519606e-02
16 14 1.705426693 1.104040623 1.404733658 0.601386070 utls_sulfate     0.0057444777 12.120602005 0.100000 12.000000000 0.000000000000e+00 0.000000000000e+00
16 15 1.104040623 0.536622405 0.820331514 0.567418158 sulfate          0.1935471100 1.525651538 0.490000 1.200000000 2.381110969832e-01 4.608571468002e-02
16 15 1.104040623 0.536622405 0.820331514 0.567418158 organic_carbon   0.0807084200 2.112319568 0.400000 1.800000000 5.209231760152e-02 4.204288647756e-03
16 15 1.104040623 0.536622405 0.820331514 0.567418158 utls_sulfate     0.0057444777 12.120602005 0.100000 12.000000000 0.000000000000e+00 0.000000000000e+00
16 16 0.536622405 0.000000000 0.268311203 0.536622405 sulfate          0.1935471100 1.525651538 0.490000 1.200000000 1.648647366665e-02 3.190909332272e-03
16 16 0.536622405 0.000000000 0.268311203 0.536622405 organic_carbon   0.0807084200 2.112319568 0.400000 1.800000000 3.067010608093e-04 2.475335803024e-05
16 16 0.536622405 0.000000000 0.268311203 0.536622405 utls_sulfate     0.0057444777 12.120602005 0.100000 12.000000000 0.000000000000e+00 0.000000000000e+00
