# vza_deg vaz_deg case I Q U
  0.0   0.0            8 5.512029171e+00 2.081650123e-02 0.000000000e+00
  0.0 180.0            8 5.512029171e+00 2.081650123e-02 0.000000000e+00
  0.0   0.0           12 5.507855415e+00 5.781374406e-03 0.000000000e+00
  0.0 180.0           12 5.507855415e+00 5.781374406e-03 0.000000000e+00
  0.0   0.0           16 5.510887146e+00 9.525782429e-03 0.000000000e+00
  0.0 180.0           16 5.510887146e+00 9.525782429e-03 0.000000000e+00
  0.0   0.0           24 5.507987976e+00 9.652177803e-03 0.000000000e+00
  0.0 180.0           24 5.507987976e+00 9.652177803e-03 0.000000000e+00
  0.0   0.0           32 5.517736912e+00 9.851004928e-03 0.000000000e+00
  0.0 180.0           32 5.517736912e+00 9.851004928e-03 0.000000000e+00
  0.0   0.0  untruncated 5.692957401e+00 9.864384308e-03 0.000000000e+00
  0.0 180.0  untruncated 5.692957401e+00 9.864384308e-03 0.000000000e+00
  5.0   0.0            8 5.494979858e+00 4.042685032e-02 0.000000000e+00
  5.0 180.0            8 5.530382156e+00 7.016413379e-03 0.000000000e+00
  5.0   0.0           12 5.494349957e+00 3.355140984e-02 0.000000000e+00
  5.0 180.0           12 5.524511814e+00 -1.519266795e-02 0.000000000e+00
  5.0   0.0           16 5.494987488e+00 3.727215528e-02 0.000000000e+00
  5.0 180.0           16 5.524595261e+00 -1.555088721e-02 0.000000000e+00
  5.0   0.0           24 5.492771626e+00 3.647688776e-02 0.000000000e+00
  5.0 180.0           24 5.524826527e+00 -1.346521731e-02 0.000000000e+00
  5.0   0.0           32 5.484855652e+00 3.644932806e-02 0.000000000e+00
  5.0 180.0           32 5.516811371e+00 -1.365069672e-02 0.000000000e+00
  5.0   0.0  untruncated 5.682783127e+00 3.704709932e-02 0.000000000e+00
  5.0 180.0  untruncated 5.715218544e+00 -1.398498099e-02 0.000000000e+00
 10.0   0.0            8 5.480902672e+00 6.529071927e-02 0.000000000e+00
 10.0 180.0            8 5.547388077e+00 -1.208922011e-03 0.000000000e+00
 10.0   0.0           12 5.483199596e+00 6.431203336e-02 0.000000000e+00
 10.0 180.0           12 5.543638706e+00 -2.597474121e-02 0.000000000e+00
 10.0   0.0           16 5.480697632e+00 6.549000740e-02 0.000000000e+00
 10.0 180.0           16 5.538435936e+00 -3.240291402e-02 0.000000000e+00
 10.0   0.0           24 5.485511780e+00 6.510385871e-02 0.000000000e+00
 10.0 180.0           24 5.544754028e+00 -3.009302728e-02 0.000000000e+00
 10.0   0.0           32 5.487536430e+00 6.505694985e-02 0.000000000e+00
 10.0 180.0           32 5.546772003e+00 -3.040736355e-02 0.000000000e+00
 10.0   0.0  untruncated 5.687272549e+00 6.618063152e-02 0.000000000e+00
 10.0 180.0  untruncated 5.747419834e+00 -3.105163947e-02 0.000000000e+00
 15.0   0.0            8 5.473531723e+00 9.437133372e-02 0.000000000e+00
 15.0 180.0            8 5.563421249e+00 -4.944754299e-03 0.000000000e+00
 15.0   0.0           12 5.476378441e+00 9.581177682e-02 0.000000000e+00
 15.0 180.0           12 5.565799713e+00 -2.591691725e-02 0.000000000e+00
 15.0   0.0           16 5.475332260e+00 9.495566785e-02 0.000000000e+00
 15.0 180.0           16 5.561774254e+00 -3.577284142e-02 0.000000000e+00
 15.0   0.0           24 5.470958233e+00 9.508781880e-02 0.000000000e+00
 15.0 180.0           24 5.553800106e+00 -3.616801649e-02 0.000000000e+00
 15.0   0.0           32 5.475247860e+00 9.512592852e-02 0.000000000e+00
 15.0 180.0           32 5.558364391e+00 -3.568983823e-02 0.000000000e+00
 15.0   0.0  untruncated 5.708608627e+00 9.714166820e-02 0.000000000e+00
 15.0 180.0  untruncated 5.793112755e+00 -3.664581105e-02 0.000000000e+00
 20.0   0.0            8 5.473373890e+00 1.265927702e-01 0.000000000e+00
 20.0 180.0            8 5.577123165e+00 -5.916183349e-03 0.000000000e+00
 20.0   0.0           12 5.475530148e+00 1.279721856e-01 0.000000000e+00
 20.0 180.0           12 5.589107037e+00 -1.835358702e-02 0.000000000e+00
 20.0   0.0           16 5.475429535e+00 1.269431710e-01 0.000000000e+00
 20.0 180.0           16 5.592667580e+00 -2.623444609e-02 0.000000000e+00
 20.0   0.0           24 5.474887848e+00 1.272629350e-01 0.000000000e+00
 20.0 180.0           24 5.589689255e+00 -2.887081541e-02 0.000000000e+00
 20.0   0.0           32 5.477040768e+00 1.272995025e-01 0.000000000e+00
 20.0 180.0           32 5.591327190e+00 -2.862913162e-02 0.000000000e+00
 20.0   0.0  untruncated 5.749048233e+00 1.304544806e-01 0.000000000e+00
 20.0 180.0  untruncated 5.865592957e+00 -2.929743752e-02 0.000000000e+00
 25.0   0.0            8 5.481746674e+00 1.613094509e-01 0.000000000e+00
 25.0 180.0            8 5.589307785e+00 -6.047024392e-03 0.000000000e+00
 25.0   0.0           12 5.480885983e+00 1.621516794e-01 0.000000000e+00
 25.0 180.0           12 5.608800411e+00 -9.737040848e-03 0.000000000e+00
 25.0   0.0           16 5.479920864e+00 1.619507074e-01 0.000000000e+00
 25.0 180.0           16 5.623584270e+00 -1.249965001e-02 0.000000000e+00
 25.0   0.0           24 5.483777523e+00 1.620490104e-01 0.000000000e+00
 25.0 180.0           24 5.638560772e+00 -1.398044731e-02 0.000000000e+00
 25.0   0.0           32 5.482691288e+00 1.619835943e-01 0.000000000e+00
 25.0 180.0           32 5.637984753e+00 -1.419484895e-02 0.000000000e+00
 25.0   0.0  untruncated 5.538064003e+00 1.643091440e-01 0.000000000e+00
 25.0 180.0  untruncated 5.695329666e+00 -1.444719825e-02 0.000000000e+00
 30.0   0.0            8 5.499439716e+00 1.986770481e-01 0.000000000e+00
 30.0 180.0            8 5.600776196e+00 -6.901425309e-03 0.000000000e+00
 30.0   0.0           12 5.496788979e+00 1.999980658e-01 0.000000000e+00
 30.0 180.0           12 5.624281883e+00 -6.818561349e-03 0.000000000e+00
 30.0   0.0           16 5.495882034e+00 2.002589405e-01 0.000000000e+00
 30.0 180.0           16 5.647176743e+00 -6.823240314e-03 0.000000000e+00
 30.0   0.0           24 5.497628689e+00 2.000574917e-01 0.000000000e+00
 30.0 180.0           24 5.669394970e+00 -6.831187289e-03 0.000000000e+00
 30.0   0.0           32 5.498274803e+00 2.000938654e-01 0.000000000e+00
 30.0 180.0           32 5.672554970e+00 -6.829981692e-03 0.000000000e+00
 30.0   0.0  untruncated 5.533173561e+00 2.018829137e-01 0.000000000e+00
 30.0 180.0  untruncated 5.709400177e+00 -6.829909980e-03 0.000000000e+00
 35.0   0.0            8 5.527480125e+00 2.398003340e-01 0.000000000e+00
 35.0 180.0            8 5.611701965e+00 -9.143196046e-03 0.000000000e+00
 35.0   0.0           12 5.524904728e+00 2.426426709e-01 0.000000000e+00
 35.0 180.0           12 5.633459568e+00 -1.318451297e-02 0.000000000e+00
 35.0   0.0           16 5.523926735e+00 2.426793277e-01 0.000000000e+00
 35.0 180.0           16 5.651948929e+00 -1.620369591e-02 0.000000000e+00
 35.0   0.0           24 5.523647785e+00 2.426605523e-01 0.000000000e+00
 35.0 180.0           24 5.662751675e+00 -1.781381108e-02 0.000000000e+00
 35.0   0.0           32 5.522374630e+00 2.426074296e-01 0.000000000e+00
 35.0 180.0           32 5.662121296e+00 -1.804767177e-02 0.000000000e+00
 35.0   0.0  untruncated 5.495275021e+00 2.424586862e-01 0.000000000e+00
 35.0 180.0  untruncated 5.634839535e+00 -1.792014390e-02 0.000000000e+00
 40.0   0.0            8 5.567371845e+00 2.866440713e-01 0.000000000e+00
 40.0 180.0            8 5.620328426e+00 -1.215158217e-02 0.000000000e+00
 40.0   0.0           12 5.565722466e+00 2.908540964e-01 0.000000000e+00
 40.0 180.0           12 5.634131432e+00 -2.703057416e-02 0.000000000e+00
 40.0   0.0           16 5.565113544e+00 2.907244563e-01 0.000000000e+00
 40.0 180.0           16 5.639066219e+00 -3.644943610e-02 0.000000000e+00
 40.0   0.0           24 5.567378998e+00 2.909859121e-01 0.000000000e+00
 40.0 180.0           24 5.638401031e+00 -3.961491957e-02 0.000000000e+00
 40.0   0.0           32 5.565359592e+00 2.908916175e-01 0.000000000e+00
 40.0 180.0           32 5.635667324e+00 -3.931180388e-02 0.000000000e+00
 40.0   0.0  untruncated 5.537817478e+00 2.892080843e-01 0.000000000e+00
 40.0 180.0  untruncated 5.607778072e+00 -3.868213668e-02 0.000000000e+00
 45.0   0.0            8 5.624902725e+00 3.418519497e-01 0.000000000e+00
 45.0 180.0            8 5.625543594e+00 -1.388435904e-02 0.000000000e+00
 45.0   0.0           12 5.624773502e+00 3.459219038e-01 0.000000000e+00
 45.0 180.0           12 5.628583431e+00 -4.142230377e-02 0.000000000e+00
 45.0   0.0           16 5.624383926e+00 3.461749554e-01 0.000000000e+00
 45.0 180.0           16 5.622175217e+00 -5.433578417e-02 0.000000000e+00
 45.0   0.0           24 5.626716137e+00 3.462282717e-01 0.000000000e+00
 45.0 180.0           24 5.621053219e+00 -5.489357188e-02 0.000000000e+00
 45.0   0.0           32 5.619947910e+00 3.460580707e-01 0.000000000e+00
 45.0 180.0           32 5.614801884e+00 -5.423289910e-02 0.000000000e+00
 45.0   0.0  untruncated 5.460883617e+00 3.393649459e-01 0.000000000e+00
 45.0 180.0  untruncated 5.458052158e+00 -5.290942267e-02 0.000000000e+00
 50.0   0.0            8 5.708469868e+00 4.084390402e-01 0.000000000e+00
 50.0 180.0            8 5.624501705e+00 -1.098783873e-02 0.000000000e+00
 50.0   0.0           12 5.710669994e+00 4.103530049e-01 0.000000000e+00
 50.0 180.0           12 5.619102001e+00 -4.690789804e-02 0.000000000e+00
 50.0   0.0           16 5.710892200e+00 4.111557007e-01 0.000000000e+00
 50.0 180.0           16 5.612773418e+00 -5.618805438e-02 0.000000000e+00
 50.0   0.0           24 5.710128784e+00 4.110307395e-01 0.000000000e+00
 50.0 180.0           24 5.614616394e+00 -5.285286903e-02 0.000000000e+00
 50.0   0.0           32 5.714025021e+00 4.111526012e-01 0.000000000e+00
 50.0 180.0           32 5.618486881e+00 -5.332781374e-02 0.000000000e+00
 50.0   0.0  untruncated 5.609979153e+00 4.077020586e-01 0.000000000e+00
 50.0 180.0  untruncated 5.516391277e+00 -5.251892284e-02 0.000000000e+00
 55.0   0.0            8 5.830428600e+00 4.896336794e-01 0.000000000e+00
 55.0 180.0            8 5.613798618e+00 9.276372148e-04 0.000000000e+00
 55.0   0.0           12 5.832278252e+00 4.878223836e-01 0.000000000e+00
 55.0 180.0           12 5.603130341e+00 -3.496176377e-02 0.000000000e+00
 55.0   0.0           16 5.833471775e+00 4.886519611e-01 0.000000000e+00
 55.0 180.0           16 5.605036259e+00 -3.552496061e-02 0.000000000e+00
 55.0   0.0           24 5.829200745e+00 4.885928333e-01 0.000000000e+00
 55.0 180.0           24 5.602844238e+00 -3.219852969e-02 0.000000000e+00
 55.0   0.0           32 5.836461544e+00 4.888025820e-01 0.000000000e+00
 55.0 180.0           32 5.609650135e+00 -3.253687918e-02 0.000000000e+00
 55.0   0.0  untruncated 5.977706432e+00 4.953913391e-01 0.000000000e+00
 55.0 180.0  untruncated 5.745530605e+00 -3.275906295e-02 0.000000000e+00
 60.0   0.0            8 6.008094311e+00 5.891464949e-01 0.000000000e+00
 60.0 180.0            8 5.590220928e+00 2.702414803e-02 0.000000000e+00
 60.0   0.0           12 6.009485245e+00 5.833871961e-01 0.000000000e+00
 60.0 180.0           12 5.582276344e+00 -4.082946980e-04 0.000000000e+00
 60.0   0.0           16 6.007668018e+00 5.833183527e-01 0.000000000e+00
 60.0 180.0           16 5.586586475e+00 6.343742833e-03 0.000000000e+00
 60.0   0.0           24 6.005359650e+00 5.835703611e-01 0.000000000e+00
 60.0 180.0           24 5.582578659e+00 6.565186195e-03 0.000000000e+00
 60.0   0.0           32 6.012732029e+00 5.836405158e-01 0.000000000e+00
 60.0 180.0           32 5.590420246e+00 6.746069528e-03 0.000000000e+00
 60.0   0.0  untruncated 5.947126865e+00 5.800085664e-01 0.000000000e+00
 60.0 180.0  untruncated 5.529720783e+00 7.215864956e-03 0.000000000e+00
 65.0   0.0            8 6.265663624e+00 7.118014693e-01 0.000000000e+00
 65.0 180.0            8 5.551510334e+00 7.338091731e-02 0.000000000e+00
 65.0   0.0           12 6.262346745e+00 7.030636072e-01 0.000000000e+00
 65.0 180.0           12 5.549852848e+00 5.902860686e-02 0.000000000e+00
 65.0   0.0           16 6.261779308e+00 7.020602822e-01 0.000000000e+00
 65.0 180.0           16 5.554463863e+00 6.654120237e-02 0.000000000e+00
 65.0   0.0           24 6.257178307e+00 7.018033266e-01 0.000000000e+00
 65.0 180.0           24 5.549655914e+00 6.491500139e-02 0.000000000e+00
 65.0   0.0           32 6.259460926e+00 7.017722130e-01 0.000000000e+00
 65.0 180.0           32 5.552090168e+00 6.488311291e-02 0.000000000e+00
 65.0   0.0  untruncated 6.191955090e+00 6.959196925e-01 0.000000000e+00
 65.0 180.0  untruncated 5.493365765e+00 6.500705332e-02 0.000000000e+00
 70.0   0.0            8 6.636538982e+00 8.650702238e-01 0.000000000e+00
 70.0 180.0            8 5.494677067e+00 1.478385478e-01 0.000000000e+00
 70.0   0.0           12 6.626750946e+00 8.551619053e-01 0.000000000e+00
 70.0 180.0           12 5.501727104e+00 1.457718164e-01 0.000000000e+00
 70.0   0.0           16 6.621398449e+00 8.534648418e-01 0.000000000e+00
 70.0 180.0           16 5.497971058e+00 1.483513862e-01 0.000000000e+00
 70.0   0.0           24 6.621278286e+00 8.530701399e-01 0.000000000e+00
 70.0 180.0           24 5.499399662e+00 1.473787427e-01 0.000000000e+00
 70.0   0.0           32 6.619787216e+00 8.528283238e-01 0.000000000e+00
 70.0 180.0           32 5.498041153e+00 1.472060829e-01 0.000000000e+00
 70.0   0.0  untruncated 6.658765793e+00 8.572570682e-01 0.000000000e+00
 70.0 180.0  untruncated 5.530303001e+00 1.482786834e-01 0.000000000e+00
