# l_trunc vza relaz I_m0 Q_m0 U_m0
8.0	0.0	0.0	5.512028217315674	0.0	0.0
8.0	0.0	180.0	5.512028217315674	0.0	0.0
8.0	5.0	0.0	5.512104511260986	0.001499920035712421	0.0
8.0	5.0	180.0	5.512104511260986	0.001499920035712421	0.0
8.0	10.0	0.0	5.511781692504883	0.005852906033396721	0.0
8.0	10.0	180.0	5.511781692504883	0.005852906033396721	0.0
8.0	15.0	0.0	5.51295280456543	0.01267531979829073	0.0
8.0	15.0	180.0	5.51295280456543	0.01267531979829073	0.0
8.0	20.0	0.0	5.515012741088867	0.021499810740351677	0.0
8.0	20.0	180.0	5.515012741088867	0.021499810740351677	0.0
8.0	25.0	0.0	5.518913269042969	0.031984295696020126	0.0
8.0	25.0	180.0	5.518913269042969	0.031984295696020126	0.0
8.0	30.0	0.0	5.525413513183594	0.044126834720373154	0.0
8.0	30.0	180.0	5.525413513183594	0.044126834720373154	0.0
8.0	35.0	0.0	5.535083770751953	0.05842619389295578	0.0
8.0	35.0	180.0	5.535083770751953	0.05842619389295578	0.0
8.0	40.0	0.0	5.547611713409424	0.07595327496528625	0.0
8.0	40.0	180.0	5.547611713409424	0.07595327496528625	0.0
8.0	45.0	0.0	5.5647454261779785	0.09835395216941833	0.0
8.0	45.0	180.0	5.5647454261779785	0.09835395216941833	0.0
8.0	50.0	0.0	5.588037490844727	0.127782940864563	0.0
8.0	50.0	180.0	5.588037490844727	0.127782940864563	0.0
8.0	55.0	0.0	5.6199212074279785	0.16686487197875977	0.0
8.0	55.0	180.0	5.6199212074279785	0.16686487197875977	0.0
8.0	60.0	0.0	5.664377689361572	0.2188296914100647	0.0
8.0	60.0	180.0	5.664377689361572	0.2188296914100647	0.0
8.0	65.0	0.0	5.727991104125977	0.2879323959350586	0.0
8.0	65.0	180.0	5.727991104125977	0.2879323959350586	0.0
8.0	70.0	0.0	5.819450378417969	0.3804965317249298	0.0
8.0	70.0	180.0	5.819450378417969	0.3804965317249298	0.0
12.0	0.0	0.0	5.507856845855713	0.0	0.0
12.0	0.0	180.0	5.507856845855713	0.0	0.0
12.0	5.0	0.0	5.508378505706787	0.002116042422130704	0.0
12.0	5.0	180.0	5.508378505706787	0.002116042422130704	0.0
12.0	10.0	0.0	5.5092597007751465	0.008098761551082134	0.0
12.0	10.0	180.0	5.5092597007751465	0.008098761551082134	0.0
12.0	15.0	0.0	5.51190185546875	0.016972575336694717	0.0
12.0	15.0	180.0	5.51190185546875	0.016972575336694717	0.0
12.0	20.0	0.0	5.516376495361328	0.02748628333210945	0.0
12.0	20.0	180.0	5.516376495361328	0.02748628333210945	0.0
12.0	25.0	0.0	5.520707130432129	0.03857693448662758	0.0
12.0	25.0	180.0	5.520707130432129	0.03857693448662758	0.0
12.0	30.0	0.0	5.527214527130127	0.04986519366502762	0.0
12.0	30.0	180.0	5.527214527130127	0.04986519366502762	0.0
12.0	35.0	0.0	5.536184787750244	0.06197866052389145	0.0
12.0	35.0	180.0	5.536184787750244	0.06197866052389145	0.0
12.0	40.0	0.0	5.5469160079956055	0.0766061395406723	0.0
12.0	40.0	180.0	5.5469160079956055	0.0766061395406723	0.0
12.0	45.0	0.0	5.562509059906006	0.09627663344144821	0.0
12.0	45.0	180.0	5.562509059906006	0.09627663344144821	0.0
12.0	50.0	0.0	5.586261749267578	0.12392955273389816	0.0
12.0	50.0	180.0	5.586261749267578	0.12392955273389816	0.0
12.0	55.0	0.0	5.618063926696777	0.16249339282512665	0.0
12.0	55.0	180.0	5.618063926696777	0.16249339282512665	0.0
12.0	60.0	0.0	5.6648335456848145	0.21501363813877106	0.0
12.0	60.0	180.0	5.6648335456848145	0.21501363813877106	0.0
12.0	65.0	0.0	5.729189872741699	0.2851875424385071	0.0
12.0	65.0	180.0	5.729189872741699	0.2851875424385071	0.0
12.0	70.0	0.0	5.821445941925049	0.3787722885608673	0.0
12.0	70.0	180.0	5.821445941925049	0.3787722885608673	0.0
16.0	0.0	0.0	5.510887145996094	0.0	0.0
16.0	0.0	180.0	5.510887145996094	0.0	0.0
16.0	5.0	0.0	5.509820461273193	0.0017114916117861867	0.0
16.0	5.0	180.0	5.509820461273193	0.0017114916117861867	0.0
16.0	10.0	0.0	5.508145809173584	0.006992776412516832	0.0
16.0	10.0	180.0	5.508145809173584	0.006992776412516832	0.0
16.0	15.0	0.0	5.511284351348877	0.01583155058324337	0.0
16.0	15.0	180.0	5.511284351348877	0.01583155058324337	0.0
16.0	20.0	0.0	5.515615940093994	0.027279365807771683	0.0
16.0	20.0	180.0	5.515615940093994	0.027279365807771683	0.0
16.0	25.0	0.0	5.51959753036499	0.03951864689588547	0.0
16.0	25.0	180.0	5.51959753036499	0.03951864689588547	0.0
16.0	30.0	0.0	5.527657508850098	0.05110052227973938	0.0
16.0	30.0	180.0	5.527657508850098	0.05110052227973938	0.0
16.0	35.0	0.0	5.536962985992432	0.06235375255346298	0.0
16.0	35.0	180.0	5.536962985992432	0.06235375255346298	0.0
16.0	40.0	0.0	5.546825408935547	0.07579334080219269	0.0
16.0	40.0	180.0	5.546825408935547	0.07579334080219269	0.0
16.0	45.0	0.0	5.561343669891357	0.09507892280817032	0.0
16.0	45.0	180.0	5.561343669891357	0.09507892280817032	0.0
16.0	50.0	0.0	5.585731029510498	0.12349899113178253	0.0
16.0	50.0	180.0	5.585731029510498	0.12349899113178253	0.0
16.0	55.0	0.0	5.6192851066589355	0.16325566172599792	0.0
16.0	55.0	180.0	5.6192851066589355	0.16325566172599792	0.0
16.0	60.0	0.0	5.663756370544434	0.21626035869121552	0.0
16.0	60.0	180.0	5.663756370544434	0.21626035869121552	0.0
16.0	65.0	0.0	5.730415344238281	0.2859126627445221	0.0
16.0	65.0	180.0	5.730415344238281	0.2859126627445221	0.0
16.0	70.0	0.0	5.819319725036621	0.37836983799934387	0.0
16.0	70.0	180.0	5.819319725036621	0.37836983799934387	0.0
24.0	0.0	0.0	5.507987976074219	0.0	0.0
24.0	0.0	180.0	5.507987976074219	0.0	0.0
24.0	5.0	0.0	5.508133888244629	0.001751348958350718	0.0
24.0	5.0	180.0	5.508133888244629	0.001751348958350718	0.0
24.0	10.0	0.0	5.513031959533691	0.0069472286850214005	0.0
24.0	10.0	180.0	5.513031959533691	0.0069472286850214005	0.0
24.0	15.0	0.0	5.50646448135376	0.015489998273551464	0.0
24.0	15.0	180.0	5.50646448135376	0.015489998273551464	0.0
24.0	20.0	0.0	5.514817237854004	0.026882650330662727	0.0
24.0	20.0	180.0	5.514817237854004	0.026882650330662727	0.0
24.0	25.0	0.0	5.524178504943848	0.03942715376615524	0.0
24.0	25.0	180.0	5.524178504943848	0.03942715376615524	0.0
24.0	30.0	0.0	5.5302510261535645	0.051134973764419556	0.0
24.0	30.0	180.0	5.5302510261535645	0.051134973764419556	0.0
24.0	35.0	0.0	5.536581516265869	0.06219526380300522	0.0
24.0	35.0	180.0	5.536581516265869	0.06219526380300522	0.0
24.0	40.0	0.0	5.5488739013671875	0.07561390846967697	0.0
24.0	40.0	180.0	5.5488739013671875	0.07561390846967697	0.0
24.0	45.0	0.0	5.564097881317139	0.09523055702447891	0.0
24.0	45.0	180.0	5.564097881317139	0.09523055702447891	0.0
24.0	50.0	0.0	5.5851335525512695	0.12389198690652847	0.0
24.0	50.0	180.0	5.5851335525512695	0.12389198690652847	0.0
24.0	55.0	0.0	5.614599227905273	0.16343608498573303	0.0
24.0	55.0	180.0	5.614599227905273	0.16343608498573303	0.0
24.0	60.0	0.0	5.6613006591796875	0.21618404984474182	0.0
24.0	60.0	180.0	5.6613006591796875	0.21618404984474182	0.0
24.0	65.0	0.0	5.727035045623779	0.28568392992019653	0.0
24.0	65.0	180.0	5.727035045623779	0.28568392992019653	0.0
24.0	70.0	0.0	5.819658279418945	0.37829503417015076	0.0
24.0	70.0	180.0	5.819658279418945	0.37829503417015076	0.0
32.0	0.0	0.0	5.517734527587891	0.0	0.0
32.0	0.0	180.0	5.517734527587891	0.0	0.0
32.0	5.0	0.0	5.5002923011779785	0.0016809130320325494	0.0
32.0	5.0	180.0	5.5002923011779785	0.0016809130320325494	0.0
32.0	10.0	0.0	5.515039443969727	0.006886571645736694	0.0
32.0	10.0	180.0	5.515039443969727	0.006886571645736694	0.0
32.0	15.0	0.0	5.510736465454102	0.015553169883787632	0.0
32.0	15.0	180.0	5.510736465454102	0.015553169883787632	0.0
32.0	20.0	0.0	5.517001152038574	0.026917770504951477	0.0
32.0	20.0	180.0	5.517001152038574	0.026917770504951477	0.0
32.0	25.0	0.0	5.523074626922607	0.0393860787153244	0.0
32.0	25.0	180.0	5.523074626922607	0.0393860787153244	0.0
32.0	30.0	0.0	5.530936241149902	0.05112927034497261	0.0
32.0	30.0	180.0	5.530936241149902	0.05112927034497261	0.0
32.0	35.0	0.0	5.535375595092773	0.062162961810827255	0.0
32.0	35.0	180.0	5.535375595092773	0.062162961810827255	0.0
32.0	40.0	0.0	5.546811103820801	0.07562337815761566	0.0
32.0	40.0	180.0	5.546811103820801	0.07562337815761566	0.0
32.0	45.0	0.0	5.557432174682617	0.09519971162080765	0.0
32.0	45.0	180.0	5.557432174682617	0.09519971162080765	0.0
32.0	50.0	0.0	5.589022636413574	0.12386868894100189	0.0
32.0	50.0	180.0	5.589022636413574	0.12386868894100189	0.0
32.0	55.0	0.0	5.62165641784668	0.1634923368692398	0.0
32.0	55.0	180.0	5.62165641784668	0.1634923368692398	0.0
32.0	60.0	0.0	5.6688055992126465	0.2161184847354889	0.0
32.0	60.0	180.0	5.6688055992126465	0.2161184847354889	0.0
32.0	65.0	0.0	5.729483604431152	0.28564736247062683	0.0
32.0	65.0	180.0	5.729483604431152	0.28564736247062683	0.0
32.0	70.0	0.0	5.818211555480957	0.37817880511283875	0.0
32.0	70.0	180.0	5.818211555480957	0.37817880511283875	0.0
