# l species scattering_weight beta_l
0 sulfate          7.061010130e-01 1.000000000e+00
1 sulfate          7.061010130e-01 1.827353279e+00
2 sulfate          7.061010130e-01 1.760223725e+00
3 sulfate          7.061010130e-01 1.174169994e+00
4 sulfate          7.061010130e-01 7.157580405e-01
5 sulfate          7.061010130e-01 3.898829251e-01
6 sulfate          7.061010130e-01 2.131573725e-01
7 sulfate          7.061010130e-01 1.098625957e-01
8 sulfate          7.061010130e-01 5.945930127e-02
9 sulfate          7.061010130e-01 3.008885779e-02
10 sulfate          7.061010130e-01 1.684433093e-02
11 sulfate          7.061010130e-01 8.385615787e-03
12 sulfate          7.061010130e-01 5.009256981e-03
13 sulfate          7.061010130e-01 2.421841735e-03
14 sulfate          7.061010130e-01 1.586618361e-03
15 sulfate          7.061010130e-01 7.277286494e-04
16 sulfate          7.061010130e-01 5.349275080e-04
17 sulfate          7.061010130e-01 2.269179734e-04
18 sulfate          7.061010130e-01 1.899095220e-04
19 sulfate          7.061010130e-01 7.372406930e-05
20 sulfate          7.061010130e-01 7.272323060e-05
21 sulfate          7.061010130e-01 2.523303900e-05
22 sulfate          7.061010130e-01 2.822475789e-05
23 sulfate          7.061010130e-01 9.995759299e-06
24 sulfate          7.061010130e-01 1.206578810e-05
25 sulfate          7.061010130e-01 4.342143627e-06
26 sulfate          7.061010130e-01 5.407127126e-06
27 sulfate          7.061010130e-01 1.948194134e-06
28 sulfate          7.061010130e-01 2.268686251e-06
29 sulfate          7.061010130e-01 7.835051661e-07
30 sulfate          7.061010130e-01 9.734303179e-07
31 sulfate          7.061010130e-01 3.984524517e-07
32 sulfate          7.061010130e-01 6.579428170e-07
33 sulfate          7.061010130e-01 2.652739572e-07
34 sulfate          7.061010130e-01 3.135462076e-07
35 sulfate          7.061010130e-01 8.369474702e-08
36 sulfate          7.061010130e-01 1.114961213e-07
37 sulfate          7.061010130e-01 6.261280124e-08
38 sulfate          7.061010130e-01 8.606159788e-08
39 sulfate          7.061010130e-01 3.219891049e-08
40 sulfate          7.061010130e-01 3.426091194e-08
41 sulfate          7.061010130e-01 1.474198022e-08
42 sulfate          7.061010130e-01 1.707670511e-08
43 sulfate          7.061010130e-01 8.597538945e-09
44 sulfate          7.061010130e-01 1.128940346e-08
45 sulfate          7.061010130e-01 4.758940943e-09
46 sulfate          7.061010130e-01 5.025540623e-09
47 sulfate          7.061010130e-01 2.792086439e-09
48 sulfate          7.061010130e-01 2.692323184e-09
49 sulfate          7.061010130e-01 1.109408747e-09
50 sulfate          7.061010130e-01 1.397079218e-09
51 sulfate          7.061010130e-01 6.803746746e-10
52 sulfate          7.061010130e-01 8.314295053e-10
53 sulfate          7.061010130e-01 3.993758976e-10
54 sulfate          7.061010130e-01 4.186993009e-10
55 sulfate          7.061010130e-01 2.609108798e-10
56 sulfate          7.061010130e-01 2.546936007e-10
57 sulfate          7.061010130e-01 1.682381762e-10
58 sulfate          7.061010130e-01 1.617935766e-10
59 sulfate          7.061010130e-01 1.068480518e-10
60 sulfate          7.061010130e-01 1.032726075e-10
61 sulfate          7.061010130e-01 6.750152553e-11
62 sulfate          7.061010130e-01 6.588264277e-11
63 sulfate          7.061010130e-01 4.299603447e-11
64 sulfate          7.061010130e-01 4.270699110e-11
65 sulfate          7.061010130e-01 2.816480843e-11
66 sulfate          7.061010130e-01 2.810721859e-11
67 sulfate          7.061010130e-01 1.878867911e-11
68 sulfate          7.061010130e-01 1.879250623e-11
69 sulfate          7.061010130e-01 1.225189687e-11
70 sulfate          7.061010130e-01 1.232636242e-11
71 sulfate          7.061010130e-01 7.702564227e-12
72 sulfate          7.061010130e-01 8.174609264e-12
73 sulfate          7.061010130e-01 5.394625014e-12
74 sulfate          7.061010130e-01 6.100821671e-12
75 sulfate          7.061010130e-01 3.580027442e-12
76 sulfate          7.061010130e-01 3.484636408e-12
77 sulfate          7.061010130e-01 2.223613275e-12
78 sulfate          7.061010130e-01 2.525575831e-12
79 sulfate          7.061010130e-01 1.533228785e-12
80 sulfate          7.061010130e-01 1.560718839e-12
81 sulfate          7.061010130e-01 1.099706372e-12
82 sulfate          7.061010130e-01 1.074317230e-12
83 sulfate          7.061010130e-01 6.899086879e-13
84 sulfate          7.061010130e-01 7.411935106e-13
85 sulfate          7.061010130e-01 5.029214350e-13
86 sulfate          7.061010130e-01 5.383453557e-13
87 sulfate          7.061010130e-01 3.225786066e-13
88 sulfate          7.061010130e-01 3.195006109e-13
89 sulfate          7.061010130e-01 2.055612625e-13
90 sulfate          7.061010130e-01 2.118319084e-13
91 sulfate          7.061010130e-01 1.367534016e-13
92 sulfate          7.061010130e-01 1.380674546e-13
93 sulfate          7.061010130e-01 9.739908532e-14
94 sulfate          7.061010130e-01 1.091987828e-13
95 sulfate          7.061010130e-01 8.053442895e-14
96 sulfate          7.061010130e-01 8.847133096e-14
97 sulfate          7.061010130e-01 5.056095516e-14
98 sulfate          7.061010130e-01 3.873415260e-14
99 sulfate          7.061010130e-01 7.573043755e-15
100 sulfate          7.061010130e-01 2.854812740e-15
101 sulfate          7.061010130e-01 -1.772849445e-14
102 sulfate          7.061010130e-01 -2.428206291e-14
103 sulfate          7.061010130e-01 -1.363411337e-14
104 sulfate          7.061010130e-01 1.208901685e-14
105 sulfate          7.061010130e-01 3.176425052e-14
106 sulfate          7.061010130e-01 4.929308914e-14
107 sulfate          7.061010130e-01 3.240138192e-14
108 sulfate          7.061010130e-01 2.032748969e-14
109 sulfate          7.061010130e-01 2.298421869e-14
110 sulfate          7.061010130e-01 4.050584737e-14
111 sulfate          7.061010130e-01 4.840377231e-14
112 sulfate          7.061010130e-01 5.321670838e-14
113 sulfate          7.061010130e-01 2.498056016e-14
114 sulfate          7.061010130e-01 4.469081355e-16
115 sulfate          7.061010130e-01 -1.063163229e-14
116 sulfate          7.061010130e-01 -1.913589729e-14
117 sulfate          7.061010130e-01 -3.770855156e-14
118 sulfate          7.061010130e-01 -5.961377225e-14
119 sulfate          7.061010130e-01 -6.268217282e-14
120 sulfate          7.061010130e-01 -6.679948478e-14
121 sulfate          7.061010130e-01 -6.188701895e-14
122 sulfate          7.061010130e-01 -5.847834153e-14
123 sulfate          7.061010130e-01 -3.429152578e-14
124 sulfate          7.061010130e-01 -1.510461678e-14
125 sulfate          7.061010130e-01 -1.084456960e-14
126 sulfate          7.061010130e-01 -1.259051457e-14
127 sulfate          7.061010130e-01 -1.244121993e-14
128 sulfate          7.061010130e-01 -1.419670588e-14
129 sulfate          7.061010130e-01 -1.965658539e-14
130 sulfate          7.061010130e-01 -2.934469074e-14
131 sulfate          7.061010130e-01 -3.129468256e-14
132 sulfate          7.061010130e-01 -2.755337191e-14
133 sulfate          7.061010130e-01 -3.473783761e-16
134 sulfate          7.061010130e-01 2.379867137e-14
135 sulfate          7.061010130e-01 1.737938135e-14
136 sulfate          7.061010130e-01 5.224173958e-15
137 sulfate          7.061010130e-01 1.774025805e-15
138 sulfate          7.061010130e-01 2.913142817e-15
139 sulfate          7.061010130e-01 4.734006156e-15
140 sulfate          7.061010130e-01 1.351170694e-14
141 sulfate          7.061010130e-01 3.009994597e-14
142 sulfate          7.061010130e-01 4.721483621e-14
143 sulfate          7.061010130e-01 4.102724020e-14
144 sulfate          7.061010130e-01 3.575145822e-14
145 sulfate          7.061010130e-01 2.995699392e-14
146 sulfate          7.061010130e-01 2.436538384e-14
147 sulfate          7.061010130e-01 1.871061899e-15
148 sulfate          7.061010130e-01 -1.993229800e-14
149 sulfate          7.061010130e-01 -2.436186019e-14
150 sulfate          7.061010130e-01 -2.545489861e-14
151 sulfate          7.061010130e-01 -2.562403414e-14
152 sulfate          7.061010130e-01 -3.973140176e-14
153 sulfate          7.061010130e-01 -7.063078421e-14
154 sulfate          7.061010130e-01 -1.034285776e-13
155 sulfate          7.061010130e-01 -8.459175743e-14
156 sulfate          7.061010130e-01 -6.992415544e-14
157 sulfate          7.061010130e-01 -7.069540266e-14
158 sulfate          7.061010130e-01 -8.749541348e-14
159 sulfate          7.061010130e-01 -8.721736983e-14
160 sulfate          7.061010130e-01 -1.028077363e-13
161 sulfate          7.061010130e-01 -1.215885032e-13
162 sulfate          7.061010130e-01 -1.506451485e-13
163 sulfate          7.061010130e-01 -1.239451250e-13
164 sulfate          7.061010130e-01 -9.377709113e-14
165 sulfate          7.061010130e-01 -3.860553912e-14
166 sulfate          7.061010130e-01 1.222118110e-14
167 sulfate          7.061010130e-01 4.193233217e-14
168 sulfate          7.061010130e-01 4.500520507e-14
169 sulfate          7.061010130e-01 -2.265912067e-14
170 sulfate          7.061010130e-01 -9.615309308e-14
171 sulfate          7.061010130e-01 -1.024904987e-13
172 sulfate          7.061010130e-01 -1.004136553e-13
173 sulfate          7.061010130e-01 -8.754596440e-14
174 sulfate          7.061010130e-01 -9.029249245e-14
175 sulfate          7.061010130e-01 -8.740396102e-14
176 sulfate          7.061010130e-01 -9.595831616e-14
177 sulfate          7.061010130e-01 -9.099803701e-14
178 sulfate          7.061010130e-01 -1.019613268e-13
179 sulfate          7.061010130e-01 -1.139174746e-13
180 sulfate          7.061010130e-01 -1.377325988e-13
181 sulfate          7.061010130e-01 -1.254883242e-13
182 sulfate          7.061010130e-01 -1.200557394e-13
183 sulfate          7.061010130e-01 -9.630227930e-14
184 sulfate          7.061010130e-01 -7.707360141e-14
185 sulfate          7.061010130e-01 -3.831829331e-14
186 sulfate          7.061010130e-01 -1.126274638e-14
187 sulfate          7.061010130e-01 -9.478298680e-15
188 sulfate          7.061010130e-01 -1.596146175e-14
189 sulfate          7.061010130e-01 -1.368339036e-14
190 sulfate          7.061010130e-01 -2.126334590e-14
191 sulfate          7.061010130e-01 -5.040089982e-14
192 sulfate          7.061010130e-01 -7.582916771e-14
193 sulfate          7.061010130e-01 -4.412998287e-14
194 sulfate          7.061010130e-01 -1.367539437e-14
195 sulfate          7.061010130e-01 -1.586002109e-14
196 sulfate          7.061010130e-01 -3.044423437e-14
197 sulfate          7.061010130e-01 -2.339904800e-14
198 sulfate          7.061010130e-01 -2.097799744e-14
199 sulfate          7.061010130e-01 -3.541344464e-14
200 sulfate          7.061010130e-01 -6.094862841e-14
201 sulfate          7.061010130e-01 -7.252549527e-14
202 sulfate          7.061010130e-01 -8.648111524e-14
203 sulfate          7.061010130e-01 -8.032773936e-14
204 sulfate          7.061010130e-01 -8.287869089e-14
205 sulfate          7.061010130e-01 -8.280215299e-14
206 sulfate          7.061010130e-01 -9.744714259e-14
207 sulfate          7.061010130e-01 -9.965132560e-14
208 sulfate          7.061010130e-01 -9.619537019e-14
209 sulfate          7.061010130e-01 -3.636233160e-14
210 sulfate          7.061010130e-01 2.119635576e-14
211 sulfate          7.061010130e-01 3.064998206e-14
212 sulfate          7.061010130e-01 2.845353076e-15
213 sulfate          7.061010130e-01 -7.710504327e-14
214 sulfate          7.061010130e-01 -1.504206915e-13
215 sulfate          7.061010130e-01 -1.151770431e-13
216 sulfate          7.061010130e-01 -7.836013265e-14
217 sulfate          7.061010130e-01 -7.868596420e-14
218 sulfate          7.061010130e-01 -1.150303506e-13
219 sulfate          7.061010130e-01 -1.366465060e-13
220 sulfate          7.061010130e-01 -1.705768057e-13
0 organic_carbon   2.729556486e-01 1.000000000e+00
1 organic_carbon   2.729556486e-01 2.081415182e+00
2 organic_carbon   2.729556486e-01 2.541617528e+00
3 organic_carbon   2.729556486e-01 2.321330955e+00
4 organic_carbon   2.729556486e-01 2.077301253e+00
5 organic_carbon   2.729556486e-01 1.709254666e+00
6 organic_carbon   2.729556486e-01 1.414595326e+00
7 organic_carbon   2.729556486e-01 1.141706300e+00
8 organic_carbon   2.729556486e-01 9.326078823e-01
9 organic_carbon   2.729556486e-01 7.437226377e-01
10 organic_carbon   2.729556486e-01 6.184895857e-01
11 organic_carbon   2.729556486e-01 4.836541633e-01
12 organic_carbon   2.729556486e-01 4.154152592e-01
13 organic_carbon   2.729556486e-01 3.178419098e-01
14 organic_carbon   2.729556486e-01 2.818007560e-01
15 organic_carbon   2.729556486e-01 2.118822050e-01
16 organic_carbon   2.729556486e-01 1.923378930e-01
17 organic_carbon   2.729556486e-01 1.430779105e-01
18 organic_carbon   2.729556486e-01 1.304921362e-01
19 organic_carbon   2.729556486e-01 9.859457147e-02
20 organic_carbon   2.729556486e-01 9.095332078e-02
21 organic_carbon   2.729556486e-01 6.969630048e-02
22 organic_carbon   2.729556486e-01 6.322535701e-02
23 organic_carbon   2.729556486e-01 4.964416657e-02
24 organic_carbon   2.729556486e-01 4.463346879e-02
25 organic_carbon   2.729556486e-01 3.590747407e-02
26 organic_carbon   2.729556486e-01 3.210631028e-02
27 organic_carbon   2.729556486e-01 2.639524416e-02
28 organic_carbon   2.729556486e-01 2.341027302e-02
29 organic_carbon   2.729556486e-01 1.940844982e-02
30 organic_carbon   2.729556486e-01 1.697679865e-02
31 organic_carbon   2.729556486e-01 1.417856108e-02
32 organic_carbon   2.729556486e-01 1.266717586e-02
33 organic_carbon   2.729556486e-01 1.067183765e-02
34 organic_carbon   2.729556486e-01 9.431611649e-03
35 organic_carbon   2.729556486e-01 7.917999566e-03
36 organic_carbon   2.729556486e-01 7.076950476e-03
37 organic_carbon   2.729556486e-01 6.018564700e-03
38 organic_carbon   2.729556486e-01 5.394559124e-03
39 organic_carbon   2.729556486e-01 4.585412864e-03
40 organic_carbon   2.729556486e-01 4.112562645e-03
41 organic_carbon   2.729556486e-01 3.490220108e-03
42 organic_carbon   2.729556486e-01 3.137109933e-03
43 organic_carbon   2.729556486e-01 2.693812984e-03
44 organic_carbon   2.729556486e-01 2.429642752e-03
45 organic_carbon   2.729556486e-01 2.101735396e-03
46 organic_carbon   2.729556486e-01 1.897066486e-03
47 organic_carbon   2.729556486e-01 1.649114485e-03
48 organic_carbon   2.729556486e-01 1.489513595e-03
49 organic_carbon   2.729556486e-01 1.299409681e-03
50 organic_carbon   2.729556486e-01 1.174366228e-03
51 organic_carbon   2.729556486e-01 1.029186548e-03
52 organic_carbon   2.729556486e-01 9.297719356e-04
53 organic_carbon   2.729556486e-01 8.182974962e-04
54 organic_carbon   2.729556486e-01 7.395150106e-04
55 organic_carbon   2.729556486e-01 6.529760442e-04
56 organic_carbon   2.729556486e-01 5.908206688e-04
57 organic_carbon   2.729556486e-01 5.231261668e-04
58 organic_carbon   2.729556486e-01 4.740806702e-04
59 organic_carbon   2.729556486e-01 4.208632667e-04
60 organic_carbon   2.729556486e-01 3.819951037e-04
61 organic_carbon   2.729556486e-01 3.400150097e-04
62 organic_carbon   2.729556486e-01 3.090490095e-04
63 organic_carbon   2.729556486e-01 2.758413111e-04
64 organic_carbon   2.729556486e-01 2.510782278e-04
65 organic_carbon   2.729556486e-01 2.247506048e-04
66 organic_carbon   2.729556486e-01 2.048952929e-04
67 organic_carbon   2.729556486e-01 1.839655495e-04
68 organic_carbon   2.729556486e-01 1.679500526e-04
69 organic_carbon   2.729556486e-01 1.512028824e-04
70 organic_carbon   2.729556486e-01 1.381925874e-04
71 organic_carbon   2.729556486e-01 1.246580224e-04
72 organic_carbon   2.729556486e-01 1.140626440e-04
73 organic_carbon   2.729556486e-01 1.030936042e-04
74 organic_carbon   2.729556486e-01 9.444625386e-05
75 organic_carbon   2.729556486e-01 8.551163153e-05
76 organic_carbon   2.729556486e-01 7.838323617e-05
77 organic_carbon   2.729556486e-01 7.103590679e-05
78 organic_carbon   2.729556486e-01 6.514667270e-05
79 organic_carbon   2.729556486e-01 5.912369647e-05
80 organic_carbon   2.729556486e-01 5.426893597e-05
81 organic_carbon   2.729556486e-01 4.935445247e-05
82 organic_carbon   2.729556486e-01 4.534759994e-05
83 organic_carbon   2.729556486e-01 4.131555440e-05
84 organic_carbon   2.729556486e-01 3.800276105e-05
85 organic_carbon   2.729556486e-01 3.467574993e-05
86 organic_carbon   2.729556486e-01 3.192785926e-05
87 organic_carbon   2.729556486e-01 2.916567984e-05
88 organic_carbon   2.729556486e-01 2.686824472e-05
89 organic_carbon   2.729556486e-01 2.456481327e-05
90 organic_carbon   2.729556486e-01 2.264172907e-05
91 organic_carbon   2.729556486e-01 2.072697378e-05
92 organic_carbon   2.729556486e-01 1.911457297e-05
93 organic_carbon   2.729556486e-01 1.752176396e-05
94 organic_carbon   2.729556486e-01 1.616998447e-05
95 organic_carbon   2.729556486e-01 1.483806750e-05
96 organic_carbon   2.729556486e-01 1.369948414e-05
97 organic_carbon   2.729556486e-01 1.257753682e-05
98 organic_carbon   2.729556486e-01 1.161531851e-05
99 organic_carbon   2.729556486e-01 1.067177329e-05
100 organic_carbon   2.729556486e-01 9.858915868e-06
101 organic_carbon   2.729556486e-01 9.064585663e-06
102 organic_carbon   2.729556486e-01 8.376958797e-06
103 organic_carbon   2.729556486e-01 7.707206276e-06
104 organic_carbon   2.729556486e-01 7.124846668e-06
105 organic_carbon   2.729556486e-01 6.556981583e-06
106 organic_carbon   2.729556486e-01 6.061015803e-06
107 organic_carbon   2.729556486e-01 5.578827381e-06
108 organic_carbon   2.729556486e-01 5.156963179e-06
109 organic_carbon   2.729556486e-01 4.748218695e-06
110 organic_carbon   2.729556486e-01 4.389015088e-06
111 organic_carbon   2.729556486e-01 4.041591746e-06
112 organic_carbon   2.729556486e-01 3.735196314e-06
113 organic_carbon   2.729556486e-01 3.439113927e-06
114 organic_carbon   2.729556486e-01 3.177127319e-06
115 organic_carbon   2.729556486e-01 2.924415967e-06
116 organic_carbon   2.729556486e-01 2.700213829e-06
117 organic_carbon   2.729556486e-01 2.484635946e-06
118 organic_carbon   2.729556486e-01 2.292845106e-06
119 organic_carbon   2.729556486e-01 2.108766023e-06
120 organic_carbon   2.729556486e-01 1.944493421e-06
121 organic_carbon   2.729556486e-01 1.786866038e-06
122 organic_carbon   2.729556486e-01 1.645888579e-06
123 organic_carbon   2.729556486e-01 1.510847380e-06
124 organic_carbon   2.729556486e-01 1.389955069e-06
125 organic_carbon   2.729556486e-01 1.274434076e-06
126 organic_carbon   2.729556486e-01 1.170887521e-06
127 organic_carbon   2.729556486e-01 1.072146829e-06
128 organic_carbon   2.729556486e-01 9.835629964e-07
129 organic_carbon   2.729556486e-01 8.991998807e-07
130 organic_carbon   2.729556486e-01 8.234360687e-07
131 organic_carbon   2.729556486e-01 7.513343952e-07
132 organic_carbon   2.729556486e-01 6.865147252e-07
133 organic_carbon   2.729556486e-01 6.248967109e-07
134 organic_carbon   2.729556486e-01 5.694417164e-07
135 organic_carbon   2.729556486e-01 5.168130581e-07
136 organic_carbon   2.729556486e-01 4.694250894e-07
137 organic_carbon   2.729556486e-01 4.245805384e-07
138 organic_carbon   2.729556486e-01 3.842764061e-07
139 organic_carbon   2.729556486e-01 3.463017051e-07
140 organic_carbon   2.729556486e-01 3.122792456e-07
141 organic_carbon   2.729556486e-01 2.803201069e-07
142 organic_carbon   2.729556486e-01 2.517128211e-07
143 organic_carbon   2.729556486e-01 2.248254123e-07
144 organic_carbon   2.729556486e-01 2.006850709e-07
145 organic_carbon   2.729556486e-01 1.779517164e-07
146 organic_carbon   2.729556486e-01 1.576170667e-07
147 organic_carbon   2.729556486e-01 1.387148529e-07
148 organic_carbon   2.729556486e-01 1.220626807e-07
149 organic_carbon   2.729556486e-01 1.066705444e-07
150 organic_carbon   2.729556486e-01 9.305370209e-08
151 organic_carbon   2.729556486e-01 8.039129756e-08
152 organic_carbon   2.729556486e-01 6.924121743e-08
153 organic_carbon   2.729556486e-01 5.900855121e-08
154 organic_carbon   2.729556486e-01 5.013941663e-08
155 organic_carbon   2.729556486e-01 4.207423725e-08
156 organic_carbon   2.729556486e-01 3.513871839e-08
157 organic_carbon   2.729556486e-01 2.888085481e-08
158 organic_carbon   2.729556486e-01 2.357522283e-08
159 organic_carbon   2.729556486e-01 1.886765740e-08
160 organic_carbon   2.729556486e-01 1.495830153e-08
161 organic_carbon   2.729556486e-01 1.156642133e-08
162 organic_carbon   2.729556486e-01 8.825889748e-09
163 organic_carbon   2.729556486e-01 6.524905365e-09
164 organic_carbon   2.729556486e-01 4.740779492e-09
165 organic_carbon   2.729556486e-01 3.315289636e-09
166 organic_carbon   2.729556486e-01 2.274426465e-09
167 organic_carbon   2.729556486e-01 1.493686296e-09
168 organic_carbon   2.729556486e-01 9.619193672e-10
169 organic_carbon   2.729556486e-01 5.892964864e-10
170 organic_carbon   2.729556486e-01 3.549438146e-10
171 organic_carbon   2.729556486e-01 2.030325623e-10
172 organic_carbon   2.729556486e-01 1.146104143e-10
173 organic_carbon   2.729556486e-01 6.091054679e-11
174 organic_carbon   2.729556486e-01 3.231396612e-11
175 organic_carbon   2.729556486e-01 1.578734165e-11
176 organic_carbon   2.729556486e-01 7.904366560e-12
177 organic_carbon   2.729556486e-01 3.517679854e-12
178 organic_carbon   2.729556486e-01 1.525462211e-12
179 organic_carbon   2.729556486e-01 5.093834425e-13
180 organic_carbon   2.729556486e-01 7.581359585e-14
181 organic_carbon   2.729556486e-01 -1.123825967e-13
182 organic_carbon   2.729556486e-01 -1.857970158e-13
183 organic_carbon   2.729556486e-01 -1.879292078e-13
184 organic_carbon   2.729556486e-01 -1.792116260e-13
185 organic_carbon   2.729556486e-01 -1.401802936e-13
186 organic_carbon   2.729556486e-01 -1.119197508e-13
187 organic_carbon   2.729556486e-01 -9.788312738e-14
188 organic_carbon   2.729556486e-01 -9.764899393e-14
189 organic_carbon   2.729556486e-01 -8.955840626e-14
190 organic_carbon   2.729556486e-01 -9.490536612e-14
191 organic_carbon   2.729556486e-01 -1.103317741e-13
192 organic_carbon   2.729556486e-01 -1.311735551e-13
193 organic_carbon   2.729556486e-01 -1.048860705e-13
194 organic_carbon   2.729556486e-01 -8.723994834e-14
195 organic_carbon   2.729556486e-01 -8.822898467e-14
196 organic_carbon   2.729556486e-01 -1.013884614e-13
197 organic_carbon   2.729556486e-01 -1.008123706e-13
198 organic_carbon   2.729556486e-01 -1.087907433e-13
199 organic_carbon   2.729556486e-01 -1.244472461e-13
200 organic_carbon   2.729556486e-01 -1.539720500e-13
201 organic_carbon   2.729556486e-01 -1.658162540e-13
202 organic_carbon   2.729556486e-01 -1.872879293e-13
203 organic_carbon   2.729556486e-01 -1.845392329e-13
204 organic_carbon   2.729556486e-01 -1.969089496e-13
205 organic_carbon   2.729556486e-01 -1.921346383e-13
206 organic_carbon   2.729556486e-01 -2.048684844e-13
207 organic_carbon   2.729556486e-01 -1.940383076e-13
208 organic_carbon   2.729556486e-01 -1.916391037e-13
209 organic_carbon   2.729556486e-01 -1.421898623e-13
210 organic_carbon   2.729556486e-01 -1.062100034e-13
211 organic_carbon   2.729556486e-01 -1.020767943e-13
212 organic_carbon   2.729556486e-01 -1.306731280e-13
213 organic_carbon   2.729556486e-01 -1.904999189e-13
214 organic_carbon   2.729556486e-01 -2.589687091e-13
215 organic_carbon   2.729556486e-01 -2.427314602e-13
216 organic_carbon   2.729556486e-01 -2.397999334e-13
217 organic_carbon   2.729556486e-01 -2.459805024e-13
218 organic_carbon   2.729556486e-01 -2.842940964e-13
219 organic_carbon   2.729556486e-01 -3.008260856e-13
220 organic_carbon   2.729556486e-01 -3.341455988e-13
0 utls_sulfate     2.094333838e-02 1.000000000e+00
1 utls_sulfate     2.094333838e-02 1.973285374e+00
2 utls_sulfate     2.094333838e-02 1.995736942e+00
3 utls_sulfate     2.094333838e-02 1.437599810e+00
4 utls_sulfate     2.094333838e-02 9.231531532e-01
5 utls_sulfate     2.094333838e-02 5.197529582e-01
6 utls_sulfate     2.094333838e-02 2.877925037e-01
7 utls_sulfate     2.094333838e-02 1.465928016e-01
8 utls_sulfate     2.094333838e-02 7.843150809e-02
9 utls_sulfate     2.094333838e-02 3.783972925e-02
10 utls_sulfate     2.094333838e-02 2.081828907e-02
11 utls_sulfate     2.094333838e-02 9.550763542e-03
12 utls_sulfate     2.094333838e-02 5.660397371e-03
13 utls_sulfate     2.094333838e-02 2.426696153e-03
14 utls_sulfate     2.094333838e-02 1.614828707e-03
15 utls_sulfate     2.094333838e-02 6.297440466e-04
16 utls_sulfate     2.094333838e-02 4.863756366e-04
17 utls_sulfate     2.094333838e-02 1.665893662e-04
18 utls_sulfate     2.094333838e-02 1.531958180e-04
19 utls_sulfate     2.094333838e-02 4.572355830e-05
20 utls_sulfate     2.094333838e-02 5.215178434e-05
21 utls_sulfate     2.094333838e-02 1.364940192e-05
22 utls_sulfate     2.094333838e-02 1.825306433e-05
23 utls_sulfate     2.094333838e-02 3.287246837e-06
24 utls_sulfate     2.094333838e-02 5.931786388e-06
25 utls_sulfate     2.094333838e-02 1.235231709e-06
26 utls_sulfate     2.094333838e-02 2.052440632e-06
27 utls_sulfate     2.094333838e-02 5.269924378e-07
28 utls_sulfate     2.094333838e-02 8.242654700e-07
29 utls_sulfate     2.094333838e-02 2.685627599e-07
30 utls_sulfate     2.094333838e-02 3.639139686e-07
31 utls_sulfate     2.094333838e-02 1.306101065e-07
32 utls_sulfate     2.094333838e-02 1.493182014e-07
33 utls_sulfate     2.094333838e-02 3.468140179e-08
34 utls_sulfate     2.094333838e-02 7.995869364e-08
35 utls_sulfate     2.094333838e-02 3.003756568e-08
36 utls_sulfate     2.094333838e-02 5.507729141e-08
37 utls_sulfate     2.094333838e-02 9.082581733e-09
38 utls_sulfate     2.094333838e-02 1.017558195e-08
39 utls_sulfate     2.094333838e-02 4.501095665e-09
40 utls_sulfate     2.094333838e-02 9.267675336e-09
41 utls_sulfate     2.094333838e-02 1.769765203e-09
42 utls_sulfate     2.094333838e-02 2.143624848e-09
43 utls_sulfate     2.094333838e-02 1.194061726e-09
44 utls_sulfate     2.094333838e-02 1.443388436e-09
45 utls_sulfate     2.094333838e-02 5.850843963e-10
46 utls_sulfate     2.094333838e-02 6.516969097e-10
47 utls_sulfate     2.094333838e-02 1.979584801e-10
48 utls_sulfate     2.094333838e-02 2.849005403e-10
49 utls_sulfate     2.094333838e-02 1.606118920e-10
50 utls_sulfate     2.094333838e-02 2.285023464e-10
51 utls_sulfate     2.094333838e-02 8.698293398e-11
52 utls_sulfate     2.094333838e-02 7.125390772e-11
53 utls_sulfate     2.094333838e-02 2.774428365e-11
54 utls_sulfate     2.094333838e-02 3.969882702e-11
55 utls_sulfate     2.094333838e-02 9.391066050e-12
56 utls_sulfate     2.094333838e-02 3.491711076e-11
57 utls_sulfate     2.094333838e-02 7.217489410e-12
58 utls_sulfate     2.094333838e-02 9.946958296e-12
59 utls_sulfate     2.094333838e-02 4.114372254e-12
60 utls_sulfate     2.094333838e-02 7.560889631e-12
61 utls_sulfate     2.094333838e-02 2.613087806e-12
62 utls_sulfate     2.094333838e-02 2.858011137e-12
63 utls_sulfate     2.094333838e-02 1.554644217e-12
64 utls_sulfate     2.094333838e-02 1.746933327e-12
65 utls_sulfate     2.094333838e-02 9.084411825e-13
66 utls_sulfate     2.094333838e-02 1.069840397e-12
67 utls_sulfate     2.094333838e-02 5.139687504e-13
68 utls_sulfate     2.094333838e-02 6.154725167e-13
69 utls_sulfate     2.094333838e-02 2.748089300e-13
70 utls_sulfate     2.094333838e-02 3.451096830e-13
71 utls_sulfate     2.094333838e-02 1.584363066e-13
72 utls_sulfate     2.094333838e-02 2.012593651e-13
73 utls_sulfate     2.094333838e-02 1.004239010e-13
74 utls_sulfate     2.094333838e-02 1.192210393e-13
75 utls_sulfate     2.094333838e-02 6.095091879e-14
76 utls_sulfate     2.094333838e-02 6.492657974e-14
77 utls_sulfate     2.094333838e-02 2.258609966e-14
78 utls_sulfate     2.094333838e-02 1.848586388e-14
79 utls_sulfate     2.094333838e-02 -7.791944173e-15
80 utls_sulfate     2.094333838e-02 -8.605637904e-15
81 utls_sulfate     2.094333838e-02 -2.429968119e-14
82 utls_sulfate     2.094333838e-02 -2.744224119e-14
83 utls_sulfate     2.094333838e-02 -3.644773285e-14
84 utls_sulfate     2.094333838e-02 -3.715907790e-14
85 utls_sulfate     2.094333838e-02 -3.392793858e-14
86 utls_sulfate     2.094333838e-02 -3.303054445e-14
87 utls_sulfate     2.094333838e-02 -4.730103028e-14
88 utls_sulfate     2.094333838e-02 -6.296363170e-14
89 utls_sulfate     2.094333838e-02 -6.076400234e-14
90 utls_sulfate     2.094333838e-02 -5.573232847e-14
91 utls_sulfate     2.094333838e-02 -5.172522567e-14
92 utls_sulfate     2.094333838e-02 -5.042515884e-14
93 utls_sulfate     2.094333838e-02 -3.737618938e-14
94 utls_sulfate     2.094333838e-02 -2.387250553e-14
95 utls_sulfate     2.094333838e-02 -1.093396207e-14
96 utls_sulfate     2.094333838e-02 -7.281935471e-15
97 utls_sulfate     2.094333838e-02 -2.031740661e-14
98 utls_sulfate     2.094333838e-02 -3.827493877e-14
99 utls_sulfate     2.094333838e-02 -4.455366198e-14
100 utls_sulfate     2.094333838e-02 -5.228012034e-14
101 utls_sulfate     2.094333838e-02 -5.770839535e-14
102 utls_sulfate     2.094333838e-02 -6.225543085e-14
103 utls_sulfate     2.094333838e-02 -4.191227443e-14
104 utls_sulfate     2.094333838e-02 -1.558995988e-14
105 utls_sulfate     2.094333838e-02 1.188442790e-14
106 utls_sulfate     2.094333838e-02 2.952504777e-14
107 utls_sulfate     2.094333838e-02 2.012848438e-14
108 utls_sulfate     2.094333838e-02 1.008139969e-14
109 utls_sulfate     2.094333838e-02 1.760619645e-14
110 utls_sulfate     2.094333838e-02 3.449166950e-14
111 utls_sulfate     2.094333838e-02 4.458369438e-14
112 utls_sulfate     2.094333838e-02 4.682533658e-14
113 utls_sulfate     2.094333838e-02 2.253172692e-14
114 utls_sulfate     2.094333838e-02 -3.016629915e-15
115 utls_sulfate     2.094333838e-02 -1.539019563e-14
116 utls_sulfate     2.094333838e-02 -2.742180398e-14
117 utls_sulfate     2.094333838e-02 -4.582353377e-14
118 utls_sulfate     2.094333838e-02 -6.795199169e-14
119 utls_sulfate     2.094333838e-02 -7.219203534e-14
120 utls_sulfate     2.094333838e-02 -7.651957410e-14
121 utls_sulfate     2.094333838e-02 -7.174046513e-14
122 utls_sulfate     2.094333838e-02 -6.656676078e-14
123 utls_sulfate     2.094333838e-02 -4.280750017e-14
124 utls_sulfate     2.094333838e-02 -2.286614908e-14
125 utls_sulfate     2.094333838e-02 -1.526675921e-14
126 utls_sulfate     2.094333838e-02 -1.564899469e-14
127 utls_sulfate     2.094333838e-02 -1.530270051e-14
128 utls_sulfate     2.094333838e-02 -1.820912128e-14
129 utls_sulfate     2.094333838e-02 -2.346153870e-14
130 utls_sulfate     2.094333838e-02 -3.258477472e-14
131 utls_sulfate     2.094333838e-02 -3.440276493e-14
132 utls_sulfate     2.094333838e-02 -2.890374572e-14
133 utls_sulfate     2.094333838e-02 -2.779027009e-15
134 utls_sulfate     2.094333838e-02 2.021137164e-14
135 utls_sulfate     2.094333838e-02 1.651261593e-14
136 utls_sulfate     2.094333838e-02 6.052938099e-15
137 utls_sulfate     2.094333838e-02 2.325613660e-15
138 utls_sulfate     2.094333838e-02 3.844147223e-15
139 utls_sulfate     2.094333838e-02 7.456437811e-15
140 utls_sulfate     2.094333838e-02 1.706100539e-14
141 utls_sulfate     2.094333838e-02 3.376655509e-14
142 utls_sulfate     2.094333838e-02 4.993401526e-14
143 utls_sulfate     2.094333838e-02 4.619259619e-14
144 utls_sulfate     2.094333838e-02 4.070214218e-14
145 utls_sulfate     2.094333838e-02 3.303314653e-14
146 utls_sulfate     2.094333838e-02 2.450833590e-14
147 utls_sulfate     2.094333838e-02 1.391302438e-15
148 utls_sulfate     2.094333838e-02 -1.993229800e-14
149 utls_sulfate     2.094333838e-02 -2.549647776e-14
150 utls_sulfate     2.094333838e-02 -2.813092641e-14
151 utls_sulfate     2.094333838e-02 -3.092952327e-14
152 utls_sulfate     2.094333838e-02 -4.808111374e-14
153 utls_sulfate     2.094333838e-02 -7.883553836e-14
154 utls_sulfate     2.094333838e-02 -1.096012929e-13
155 utls_sulfate     2.094333838e-02 -9.567677596e-14
156 utls_sulfate     2.094333838e-02 -8.346443111e-14
157 utls_sulfate     2.094333838e-02 -8.411728345e-14
158 utls_sulfate     2.094333838e-02 -9.930982902e-14
159 utls_sulfate     2.094333838e-02 -1.027378595e-13
160 utls_sulfate     2.094333838e-02 -1.205224072e-13
161 utls_sulfate     2.094333838e-02 -1.399738615e-13
162 utls_sulfate     2.094333838e-02 -1.631717493e-13
163 utls_sulfate     2.094333838e-02 -1.373199243e-13
164 utls_sulfate     2.094333838e-02 -1.026143959e-13
165 utls_sulfate     2.094333838e-02 -4.511007453e-14
166 utls_sulfate     2.094333838e-02 7.238838435e-15
167 utls_sulfate     2.094333838e-02 3.849093895e-14
168 utls_sulfate     2.094333838e-02 3.633665634e-14
169 utls_sulfate     2.094333838e-02 -2.877873721e-14
170 utls_sulfate     2.094333838e-02 -9.978552273e-14
171 utls_sulfate     2.094333838e-02 -1.139630382e-13
172 utls_sulfate     2.094333838e-02 -1.137391776e-13
173 utls_sulfate     2.094333838e-02 -1.018046324e-13
174 utls_sulfate     2.094333838e-02 -1.026089749e-13
175 utls_sulfate     2.094333838e-02 -1.007233847e-13
176 utls_sulfate     2.094333838e-02 -1.083298490e-13
177 utls_sulfate     2.094333838e-02 -1.067112436e-13
178 utls_sulfate     2.094333838e-02 -1.191758281e-13
179 utls_sulfate     2.094333838e-02 -1.317636050e-13
180 utls_sulfate     2.094333838e-02 -1.535254671e-13
181 utls_sulfate     2.094333838e-02 -1.433463537e-13
182 utls_sulfate     2.094333838e-02 -1.354596773e-13
183 utls_sulfate     2.094333838e-02 -1.101691709e-13
184 utls_sulfate     2.094333838e-02 -8.698535056e-14
185 utls_sulfate     2.094333838e-02 -4.681056432e-14
186 utls_sulfate     2.094333838e-02 -1.857241032e-14
187 utls_sulfate     2.094333838e-02 -1.304091926e-14
188 utls_sulfate     2.094333838e-02 -1.761687584e-14
189 utls_sulfate     2.094333838e-02 -1.785928989e-14
190 utls_sulfate     2.094333838e-02 -2.812049096e-14
191 utls_sulfate     2.094333838e-02 -5.570052069e-14
192 utls_sulfate     2.094333838e-02 -7.753536311e-14
193 utls_sulfate     2.094333838e-02 -5.109511447e-14
194 utls_sulfate     2.094333838e-02 -2.251642612e-14
195 utls_sulfate     2.094333838e-02 -2.125444189e-14
196 utls_sulfate     2.094333838e-02 -3.167457345e-14
197 utls_sulfate     2.094333838e-02 -2.758528811e-14
198 utls_sulfate     2.094333838e-02 -2.812310660e-14
199 utls_sulfate     2.094333838e-02 -4.330292635e-14
200 utls_sulfate     2.094333838e-02 -6.834506919e-14
201 utls_sulfate     2.094333838e-02 -8.325767376e-14
202 utls_sulfate     2.094333838e-02 -9.763979176e-14
203 utls_sulfate     2.094333838e-02 -9.462489657e-14
204 utls_sulfate     2.094333838e-02 -9.813298178e-14
205 utls_sulfate     2.094333838e-02 -9.789709326e-14
206 utls_sulfate     2.094333838e-02 -1.103626671e-13
207 utls_sulfate     2.094333838e-02 -1.095444671e-13
208 utls_sulfate     2.094333838e-02 -1.000948388e-13
209 utls_sulfate     2.094333838e-02 -4.263140540e-14
210 utls_sulfate     2.094333838e-02 1.290039310e-14
211 utls_sulfate     2.094333838e-02 2.324617549e-14
212 utls_sulfate     2.094333838e-02 -7.093223307e-15
213 utls_sulfate     2.094333838e-02 -8.425768763e-14
214 utls_sulfate     2.094333838e-02 -1.529527034e-13
215 utls_sulfate     2.094333838e-02 -1.293972965e-13
216 utls_sulfate     2.094333838e-02 -9.893566408e-14
217 utls_sulfate     2.094333838e-02 -9.980384236e-14
218 utls_sulfate     2.094333838e-02 -1.318752914e-13
219 utls_sulfate     2.094333838e-02 -1.564395747e-13
220 utls_sulfate     2.094333838e-02 -1.900013388e-13
0 mixture          1.000000000e+00 1.000000000e+00
1 mixture          1.000000000e+00 1.899757216e+00
2 mixture          1.000000000e+00 1.978442010e+00
3 mixture          1.000000000e+00 1.492811158e+00
4 mixture          1.000000000e+00 1.091742497e+00
5 mixture          1.000000000e+00 7.527328064e-01
6 mixture          1.000000000e+00 5.426597573e-01
7 mixture          1.000000000e+00 3.922794164e-01
8 mixture          1.000000000e+00 2.981874799e-01
9 mixture          1.000000000e+00 2.250415582e-01
10 mixture          1.000000000e+00 1.811500296e-01
11 mixture          1.000000000e+00 1.381372525e-01
12 mixture          1.000000000e+00 1.170455306e-01
13 mixture          1.000000000e+00 8.851763268e-02
14 mixture          1.000000000e+00 7.807324088e-02
15 mixture          1.000000000e+00 5.836148357e-02
16 mixture          1.000000000e+00 5.288761354e-02
17 mixture          1.000000000e+00 3.921763981e-02
18 mixture          1.000000000e+00 3.575586942e-02
19 mixture          1.000000000e+00 2.696495945e-02
20 mixture          1.000000000e+00 2.487866485e-02
21 mixture          1.000000000e+00 1.904210184e-02
22 mixture          1.000000000e+00 1.727803014e-02
23 mixture          1.000000000e+00 1.355778255e-02
24 mixture          1.000000000e+00 1.219160132e-02
25 mixture          1.000000000e+00 9.804239737e-03
26 mixture          1.000000000e+00 8.767459710e-03
27 mixture          1.000000000e+00 7.206117650e-03
28 mixture          1.000000000e+00 6.391585442e-03
29 mixture          1.000000000e+00 5.298204869e-03
30 mixture          1.000000000e+00 4.634608048e-03
31 mixture          1.000000000e+00 3.870402419e-03
32 mixture          1.000000000e+00 3.458044905e-03
33 mixture          1.000000000e+00 2.913126403e-03
34 mixture          1.000000000e+00 2.574634745e-03
35 mixture          1.000000000e+00 2.161322433e-03
36 mixture          1.000000000e+00 1.931773489e-03
37 mixture          1.000000000e+00 1.642845633e-03
38 mixture          1.000000000e+00 1.472536366e-03
39 mixture          1.000000000e+00 1.251637172e-03
40 mixture          1.000000000e+00 1.122571590e-03
41 mixture          1.000000000e+00 9.526857398e-04
42 mixture          1.000000000e+00 8.563039793e-04
43 mixture          1.000000000e+00 7.352975660e-04
44 mixture          1.000000000e+00 6.631927149e-04
45 mixture          1.000000000e+00 5.736839208e-04
46 mixture          1.000000000e+00 5.178185753e-04
47 mixture          1.000000000e+00 4.501370896e-04
48 mixture          1.000000000e+00 4.065730565e-04
49 mixture          1.000000000e+00 3.546819991e-04
50 mixture          1.000000000e+00 3.205508867e-04
51 mixture          1.000000000e+00 2.809227640e-04
52 mixture          1.000000000e+00 2.537870903e-04
53 mixture          1.000000000e+00 2.233592064e-04
54 mixture          1.000000000e+00 2.018550959e-04
55 mixture          1.000000000e+00 1.782336841e-04
56 mixture          1.000000000e+00 1.612680194e-04
57 mixture          1.000000000e+00 1.427903611e-04
58 mixture          1.000000000e+00 1.294031113e-04
59 mixture          1.000000000e+00 1.148770815e-04
60 mixture          1.000000000e+00 1.042677944e-04
61 mixture          1.000000000e+00 9.280906523e-05
62 mixture          1.000000000e+00 8.435671942e-05
63 mixture          1.000000000e+00 7.529247438e-05
64 mixture          1.000000000e+00 6.853325072e-05
65 mixture          1.000000000e+00 6.134696701e-05
66 mixture          1.000000000e+00 5.592734745e-05
67 mixture          1.000000000e+00 5.021444916e-05
68 mixture          1.000000000e+00 4.584292883e-05
69 mixture          1.000000000e+00 4.127168950e-05
70 mixture          1.000000000e+00 3.772045605e-05
71 mixture          1.000000000e+00 3.402611680e-05
72 mixture          1.000000000e+00 3.113404875e-05
73 mixture          1.000000000e+00 2.813998541e-05
74 mixture          1.000000000e+00 2.577964279e-05
75 mixture          1.000000000e+00 2.334088538e-05
76 mixture          1.000000000e+00 2.139514953e-05
77 mixture          1.000000000e+00 1.938965358e-05
78 mixture          1.000000000e+00 1.778215409e-05
79 mixture          1.000000000e+00 1.613814800e-05
80 mixture          1.000000000e+00 1.481301372e-05
81 mixture          1.000000000e+00 1.347157736e-05
82 mixture          1.000000000e+00 1.237788431e-05
83 mixture          1.000000000e+00 1.127731444e-05
84 mixture          1.000000000e+00 1.037306881e-05
85 mixture          1.000000000e+00 9.464942167e-06
86 mixture          1.000000000e+00 8.714889912e-06
87 mixture          1.000000000e+00 7.960937286e-06
88 mixture          1.000000000e+00 7.333839390e-06
89 mixture          1.000000000e+00 6.705104683e-06
90 mixture          1.000000000e+00 6.180187993e-06
91 mixture          1.000000000e+00 5.657544668e-06
92 mixture          1.000000000e+00 5.217430758e-06
93 mixture          1.000000000e+00 4.782664515e-06
94 mixture          1.000000000e+00 4.413688677e-06
95 mixture          1.000000000e+00 4.050134396e-06
96 mixture          1.000000000e+00 3.739351641e-06
97 mixture          1.000000000e+00 3.433109756e-06
98 mixture          1.000000000e+00 3.170466823e-06
99 mixture          1.000000000e+00 2.912920804e-06
100 mixture          1.000000000e+00 2.691046776e-06
101 mixture          1.000000000e+00 2.474229845e-06
102 mixture          1.000000000e+00 2.286538204e-06
103 mixture          1.000000000e+00 2.103725478e-06
104 mixture          1.000000000e+00 1.944767152e-06
105 mixture          1.000000000e+00 1.789765184e-06
106 mixture          1.000000000e+00 1.654388535e-06
107 mixture          1.000000000e+00 1.522772470e-06
108 mixture          1.000000000e+00 1.407622244e-06
109 mixture          1.000000000e+00 1.296053130e-06
110 mixture          1.000000000e+00 1.198006489e-06
111 mixture          1.000000000e+00 1.103175332e-06
112 mixture          1.000000000e+00 1.019542971e-06
113 mixture          1.000000000e+00 9.387255906e-07
114 mixture          1.000000000e+00 8.672148482e-07
115 mixture          1.000000000e+00 7.982358492e-07
116 mixture          1.000000000e+00 7.370386030e-07
117 mixture          1.000000000e+00 6.781953886e-07
118 mixture          1.000000000e+00 6.258449795e-07
119 mixture          1.000000000e+00 5.755995519e-07
120 mixture          1.000000000e+00 5.307604143e-07
121 mixture          1.000000000e+00 4.877351331e-07
122 mixture          1.000000000e+00 4.492545420e-07
123 mixture          1.000000000e+00 4.123943015e-07
124 mixture          1.000000000e+00 3.793960762e-07
125 mixture          1.000000000e+00 3.478639719e-07
126 mixture          1.000000000e+00 3.196003536e-07
127 mixture          1.000000000e+00 2.926485241e-07
128 mixture          1.000000000e+00 2.684690652e-07
129 mixture          1.000000000e+00 2.454416723e-07
130 mixture          1.000000000e+00 2.247615048e-07
131 mixture          1.000000000e+00 2.050809444e-07
132 mixture          1.000000000e+00 1.873880520e-07
133 mixture          1.000000000e+00 1.705690868e-07
134 mixture          1.000000000e+00 1.554323503e-07
135 mixture          1.000000000e+00 1.410670561e-07
136 mixture          1.000000000e+00 1.281322336e-07
137 mixture          1.000000000e+00 1.158916575e-07
138 mixture          1.000000000e+00 1.048904178e-07
139 mixture          1.000000000e+00 9.452501002e-08
140 mixture          1.000000000e+00 8.523839394e-08
141 mixture          1.000000000e+00 7.651497857e-08
142 mixture          1.000000000e+00 6.870647073e-08
143 mixture          1.000000000e+00 6.136739618e-08
144 mixture          1.000000000e+00 5.477814978e-08
145 mixture          1.000000000e+00 4.857294801e-08
146 mixture          1.000000000e+00 4.302248639e-08
147 mixture          1.000000000e+00 3.786300400e-08
148 mixture          1.000000000e+00 3.331768368e-08
149 mixture          1.000000000e+00 2.911630989e-08
150 mixture          1.000000000e+00 2.539951505e-08
151 mixture          1.000000000e+00 2.194324003e-08
152 mixture          1.000000000e+00 1.889975235e-08
153 mixture          1.000000000e+00 1.610666585e-08
154 mixture          1.000000000e+00 1.368576166e-08
155 mixture          1.000000000e+00 1.148433898e-08
156 mixture          1.000000000e+00 9.591260548e-09
157 mixture          1.000000000e+00 7.883140777e-09
158 mixture          1.000000000e+00 6.434926378e-09
159 mixture          1.000000000e+00 5.149969929e-09
160 mixture          1.000000000e+00 4.082877781e-09
161 mixture          1.000000000e+00 3.157031251e-09
162 mixture          1.000000000e+00 2.408966673e-09
163 mixture          1.000000000e+00 1.780919382e-09
164 mixture          1.000000000e+00 1.293954176e-09
165 mixture          1.000000000e+00 9.048988289e-10
166 mixture          1.000000000e+00 6.208263319e-10
167 mixture          1.000000000e+00 4.077405264e-10
168 mixture          1.000000000e+00 2.625938640e-10
169 mixture          1.000000000e+00 1.608352023e-10
170 mixture          1.000000000e+00 9.681393551e-11
171 mixture          1.000000000e+00 5.534412933e-11
172 mixture          1.000000000e+00 3.121027570e-11
173 mixture          1.000000000e+00 1.656192938e-11
174 mixture          1.000000000e+00 8.754374987e-12
175 mixture          1.000000000e+00 4.245418570e-12
176 mixture          1.000000000e+00 2.087516448e-12
177 mixture          1.000000000e+00 8.936818904e-13
178 mixture          1.000000000e+00 3.418925914e-13
179 mixture          1.000000000e+00 5.584227396e-14
180 mixture          1.000000000e+00 -7.977471409e-14
181 mixture          1.000000000e+00 -1.222850486e-13
182 mixture          1.000000000e+00 -1.383228021e-13
183 mixture          1.000000000e+00 -1.216027860e-13
184 mixture          1.000000000e+00 -1.051603373e-13
185 mixture          1.000000000e+00 -6.629995817e-14
186 mixture          1.000000000e+00 -3.889073308e-14
187 mixture          1.000000000e+00 -3.368350921e-14
188 mixture          1.000000000e+00 -3.829320498e-14
189 mixture          1.000000000e+00 -3.448136182e-14
190 mixture          1.000000000e+00 -4.150796280e-14
191 mixture          1.000000000e+00 -6.687036223e-14
192 mixture          1.000000000e+00 -9.097146429e-14
193 mixture          1.000000000e+00 -6.085957329e-14
194 mixture          1.000000000e+00 -3.394041563e-14
195 mixture          1.000000000e+00 -3.572651566e-14
196 mixture          1.000000000e+00 -4.983462929e-14
197 mixture          1.000000000e+00 -4.461712553e-14
198 mixture          1.000000000e+00 -4.509662490e-14
199 mixture          1.000000000e+00 -5.988095576e-14
200 mixture          1.000000000e+00 -8.649480294e-14
201 mixture          1.000000000e+00 -9.821450246e-14
202 mixture          1.000000000e+00 -1.142306045e-13
203 mixture          1.000000000e+00 -1.090722854e-13
204 mixture          1.000000000e+00 -1.143233699e-13
205 mixture          1.000000000e+00 -1.129612109e-13
206 mixture          1.000000000e+00 -1.270388988e-13
207 mixture          1.000000000e+00 -1.256219809e-13
208 mixture          1.000000000e+00 -1.223289443e-13
209 mixture          1.000000000e+00 -6.537984922e-14
210 mixture          1.000000000e+00 -1.375367478e-14
211 mixture          1.000000000e+00 -5.733601689e-15
212 mixture          1.000000000e+00 -3.380741750e-14
213 mixture          1.000000000e+00 -1.082066153e-13
214 mixture          1.000000000e+00 -1.801025149e-13
215 mixture          1.000000000e+00 -1.502915613e-13
216 mixture          1.000000000e+00 -1.228569585e-13
217 mixture          1.000000000e+00 -1.247922323e-13
218 mixture          1.000000000e+00 -1.615846354e-13
219 mixture          1.000000000e+00 -1.818747826e-13
220 mixture          1.000000000e+00 -2.156306463e-13
